-13894.23|15460.19,-13775.39|15477.89,
-13775.39|15477.89,-13774|15476.5,
13894.23|-15460.19,13775.39|-15477.89,
13775.39|-15477.89,13774|-15476.51,
13890.69|15461.48,13953.17|15424.02,
14006.15|15296.21,13953.17|15424.02,
-13890.69|-15461.48,-13953.17|-15424.01,
-14006.15|-15296.21,-13953.17|-15424.01,
-13773.24|15477.25,-13774|15476.5,
-13490.75|15477.26,-13773.24|15477.25,
13773.25|-15477.26,13774|-15476.51,
13490.74|-15477.27,13773.25|-15477.26,
-13774.74|-15478.73,-13774|-15477.99,
-13890.69|-15461.48,-13774.74|-15478.73,
-13490|15476.51,-13490.75|15477.26,
-13490|15476.51,-13489.25|15477.26,
-13206.74|15477.27,-13489.25|15477.26,
13774.74|15478.74,13774|15478,
13890.69|15461.48,13774.74|15478.74,
13490|-15476.52,13490.74|-15477.27,
13490|-15476.52,13489.26|-15477.27,
13206.74|-15477.27,13489.26|-15477.27,
-13206.74|15477.27,-13206|15476.53,
-13206|15476.53,-13205.26|15477.27,
-12922.73|15477.28,-13205.26|15477.27,
13206.74|-15477.27,13206|-15476.54,
13206|-15476.54,13205.26|-15477.27,
12922.73|-15477.28,13205.26|-15477.27,
-12922.73|15477.28,-12922|15476.55,
-12922|15476.55,-12921.27|15477.28,
-12638.72|15477.29,-12921.27|15477.28,
12922|-15476.55,12921.27|-15477.28,
12638.71|-15477.28,12921.27|-15477.28,
12922.73|-15477.28,12922|-15476.55,
-12638.72|15477.29,-12638|15476.56,
-12638|15476.56,-12637.28|15477.29,
-12354.72|15477.29,-12637.28|15477.29,
12638|-15476.57,12637.28|-15477.29,
12354.71|-15477.3,12637.28|-15477.29,
12638.71|-15477.28,12638|-15476.57,
-12354.72|15477.29,-12354|15476.58,
-12353.28|15477.29,-12354|15476.58,
-12353.28|15477.29,-12070.71|15477.3,
12354.71|-15477.3,12354|-15476.58,
12353.29|-15477.3,12354|-15476.58,
12353.29|-15477.3,12070.71|-15477.3,
-12070.71|15477.3,-12070|15476.59,
-12070|15476.59,-12069.29|15477.3,
-11786.7|15477.31,-12069.29|15477.3,
12070.71|-15477.3,12070|-15476.6,
12070|-15476.6,12069.29|-15477.3,
11786.7|-15477.31,12069.29|-15477.3,
-11786.7|15477.31,-11786|15476.61,
-11786|15476.61,-11785.3|15477.31,
-11502.69|15477.32,-11785.3|15477.31,
11786.7|-15477.31,11786|-15476.61,
11786|-15476.61,11785.3|-15477.31,
11502.69|-15477.32,11785.3|-15477.31,
-11502.69|15477.32,-11502|15476.63,
-11502|15476.63,-11501.31|15477.32,
-11218.68|15477.33,-11501.31|15477.32,
11502.69|-15477.32,11502|-15476.63,
11502|-15476.63,11501.31|-15477.32,
11218.68|-15477.33,11501.31|-15477.32,
-11218.68|15477.33,-11218|15476.64,
-11217.32|15477.33,-11218|15476.64,
-11217.32|15477.33,-10934.68|15477.33,
11218.68|-15477.33,11218|-15476.64,
11217.32|-15477.33,11218|-15476.64,
11217.32|-15477.33,10934.68|-15477.33,
-10934|15476.66,-10934.68|15477.33,
-10934|15476.66,-10933.32|15477.33,
-10650.67|15477.34,-10933.32|15477.33,
10934|-15476.66,10934.68|-15477.33,
10934|-15476.66,10933.32|-15477.33,
10650.67|-15477.34,10933.32|-15477.33,
-10650.67|15477.34,-10650|15476.67,
-10650|15476.67,-10649.33|15477.34,
-10366.66|15477.35,-10649.33|15477.34,
10650.67|-15477.34,10650|-15476.67,
10650|-15476.67,10649.33|-15477.34,
10366.66|-15477.35,10649.33|-15477.34,
10366.66|-15477.35,10366|-15476.69,
10366|-15476.69,10365.34|-15477.35,
10365.34|-15477.35,10082.65|-15477.36,
-10366.66|15477.35,-10366|15476.69,
-10366|15476.69,-10365.34|15477.35,
-10365.34|15477.35,-10082.65|15477.36,
10082.65|-15477.36,10082|-15476.71,
10082|-15476.71,10081.35|-15477.36,
9798.648|-15477.37,10081.35|-15477.36,
-10082.65|15477.36,-10082|15476.71,
-10082|15476.71,-10081.35|15477.36,
-9798.646|15477.37,-10081.35|15477.36,
15340.37|-14036.23,15409.5|-13869.19,
15340.37|-14036.23,15194.56|-14182.12,
9798.648|-15477.37,9798.002|-15476.72,
9797.355|-15477.37,9798.002|-15476.72,
9514.642|-15477.37,9797.355|-15477.37,
-9798.646|15477.37,-9798.002|15476.72,
-9797.356|15477.37,-9798.002|15476.72,
-9514.639|15477.37,-9797.356|15477.37,
-15340.38|14036.23,-15409.5|13869.2,
-15340.38|14036.23,-15194.59|14182.11,
-14058.65|-15317.97,-14006.15|-15296.21,
-14204.45|-15172.27,-14058.65|-15317.97,
14058.65|15317.97,14006.15|15296.21,
14204.45|15172.27,14058.65|15317.97,
9514.642|-15477.37,9514.002|-15476.73,
9514.002|-15476.73,9513.362|-15477.37,
9230.634|-15477.38,9513.362|-15477.37,
-9514.639|15477.37,-9514.002|15476.74,
-9514.002|15476.74,-9513.364|15477.37,
-9230.631|15477.38,-9513.364|15477.37,
9230.634|-15477.38,9230.002|-15476.75,
9230.002|-15476.75,9229.37|-15477.38,
8946.626|-15477.39,9229.37|-15477.38,
-9230.631|15477.38,-9230.002|15476.75,
-9230.002|15476.75,-9229.372|15477.38,
-8946.623|15477.39,-9229.372|15477.38,
8946.626|-15477.39,8946.002|-15476.76,
8946.002|-15476.76,8945.378|-15477.39,
8662.618|-15477.4,8945.378|-15477.39,
-8946.623|15477.39,-8946.002|15476.77,
-8946.002|15476.77,-8945.381|15477.39,
-8662.614|15477.4,-8945.381|15477.39,
8662.618|-15477.4,8662.002|-15476.78,
8662.002|-15476.78,8661.386|-15477.4,
8378.61|-15477.4,8661.386|-15477.4,
-8662.614|15477.4,-8662.002|15476.79,
-8662.002|15476.79,-8661.389|15477.4,
-8378.606|15477.41,-8661.389|15477.4,
8378.61|-15477.4,8378.002|-15476.79,
8378.002|-15476.79,8377.394|-15477.4,
8377.394|-15477.4,8094.604|-15477.41,
-8378.606|15477.41,-8378.002|15476.8,
-8378.002|15476.8,-8377.396|15477.41,
-8377.396|15477.41,-8094.599|15477.41,
8094.604|-15477.41,8094.002|-15476.81,
8094.002|-15476.81,8093.401|-15477.41,
7810.596|-15477.42,8093.401|-15477.41,
-8094.599|15477.41,-8094.002|15476.82,
-8094.002|15476.82,-8093.404|15477.41,
-7810.591|15477.42,-8093.404|15477.41,
7810.596|-15477.42,7810.002|-15476.82,
7809.408|-15477.42,7810.002|-15476.82,
7809.408|-15477.42,7526.588|-15477.43,
-7810.591|15477.42,-7810.002|15476.83,
-7809.413|15477.42,-7810.002|15476.83,
-7809.413|15477.42,-7526.583|15477.43,
7526.588|-15477.43,7526.002|-15476.84,
7526.002|-15476.84,7525.416|-15477.43,
7242.581|-15477.43,7525.416|-15477.43,
-7526.583|15477.43,-7526.002|15476.85,
-7526.002|15476.85,-7525.42|15477.43,
-7242.575|15477.44,-7525.42|15477.43,
-15194.59|14182.11,-15125.51|14153.52,
7242.581|-15477.43,7242.002|-15476.85,
7241.424|-15477.43,7242.002|-15476.85,
7241.424|-15477.43,6958.573|-15477.44,
-14273.51|-15005.67,-14204.45|-15172.27,
14273.51|15005.67,14204.45|15172.27,
15194.56|-14182.12,15125.7|-14153.62,
-7242.575|15477.44,-7242.002|15476.87,
-7241.429|15477.44,-7242.002|15476.87,
-7241.429|15477.44,-6958.567|15477.45,
6958.002|-15476.87,6958.573|-15477.44,
6958.002|-15476.87,6957.431|-15477.44,
6957.431|-15477.44,6674.565|-15477.45,
-6958.002|15476.88,-6958.567|15477.45,
-6958.002|15476.88,-6957.437|15477.45,
-6957.437|15477.45,-6674.559|15477.45,
6674.565|-15477.45,6674.002|-15476.89,
6673.439|-15477.45,6674.002|-15476.89,
6390.558|-15477.46,6673.439|-15477.45,
-6674.559|15477.45,-6674.002|15476.9,
-6673.445|15477.45,-6674.002|15476.9,
-6390.551|15477.46,-6673.445|15477.45,
6390.002|-15476.9,6390.558|-15477.46,
6390.002|-15476.9,6389.446|-15477.46,
6389.446|-15477.46,6106.549|-15477.46,
-14006.15|15297.82,-13953.75|15424.44,
-13894.23|15460.19,-13953.75|15424.44,
-6390.002|15476.91,-6390.551|15477.46,
-6390.002|15476.91,-6389.453|15477.46,
-6389.453|15477.46,-6106.542|15477.47,
14006.15|-15297.85,13953.75|-15424.45,
13894.23|-15460.19,13953.75|-15424.45,
6106.549|-15477.46,6106.002|-15476.92,
6106.002|-15476.92,6105.454|-15477.46,
5822.542|-15477.47,6105.454|-15477.46,
-6106.542|15477.47,-6106.001|15476.93,
-6106.001|15476.93,-6105.46|15477.47,
-5822.534|15477.48,-6105.46|15477.47,
5822.002|-15476.93,5822.542|-15477.47,
5822.002|-15476.93,5821.462|-15477.47,
5821.462|-15477.47,5538.534|-15477.48,
-5822.001|15476.95,-5822.534|15477.48,
-5822.001|15476.95,-5821.469|15477.48,
-5821.469|15477.48,-5538.526|15477.49,
5538.534|-15477.48,5538.002|-15476.95,
5538.002|-15476.95,5537.469|-15477.48,
5254.527|-15477.49,5537.469|-15477.48,
-5538.526|15477.49,-5538.001|15476.96,
-5538.001|15476.96,-5537.477|15477.49,
-5254.519|15477.49,-5537.477|15477.49,
5254.527|-15477.49,5254.002|-15476.96,
5253.477|-15477.49,5254.002|-15476.96,
5253.477|-15477.49,4970.52|-15477.49,
15056.5|-14320.28,15125.7|-14153.62,
15056.5|-14320.28,14910.44|-14466.42,
-15056.5|14320.28,-15125.51|14153.52,
-15056.5|14320.28,-14910.46|14466.41,
4970.52|-15477.49,4970.002|-15476.98,
4970.002|-15476.98,4969.484|-15477.49,
4686.512|-15477.5,4969.484|-15477.49,
-5254.519|15477.49,-5254.002|15476.98,
-5253.485|15477.49,-5254.002|15476.98,
-5253.485|15477.49,-4970.511|15477.5,
-14342.52|-15034.28,-14273.51|-15005.67,
-14342.52|-15034.28,-14488.57|-14888.31,
14342.52|15034.28,14273.51|15005.67,
14342.52|15034.28,14488.57|14888.31,
4686.512|-15477.5,4686.002|-15476.99,
4686.002|-15476.99,4685.492|-15477.5,
4402.505|-15477.51,4685.492|-15477.5,
-4970.511|15477.5,-4970.002|15476.99,
-4970.002|15476.99,-4969.493|15477.5,
-4686.502|15477.51,-4969.493|15477.5,
4402.002|-15477.01,4402.505|-15477.51,
4402.002|-15477.01,4401.5|-15477.51,
4401.5|-15477.51,4118.496|-15477.52,
-4686.502|15477.51,-4686.002|15477.01,
-4686.002|15477.01,-4685.501|15477.51,
-4402.495|15477.52,-4685.501|15477.51,
4118.496|-15477.52,4118.002|-15477.02,
4118.002|-15477.02,4117.507|-15477.52,
4117.507|-15477.52,3834.489|-15477.52,
-4402.002|15477.03,-4402.495|15477.52,
-4402.002|15477.03,-4401.509|15477.52,
-4401.509|15477.52,-4118.486|15477.53,
3834.002|-15477.04,3834.489|-15477.52,
3834.002|-15477.04,3833.515|-15477.52,
3833.515|-15477.52,3550.482|-15477.53,
-4118.486|15477.53,-4118.002|15477.04,
-4118.002|15477.04,-4117.517|15477.53,
-4117.517|15477.53,-3834.478|15477.53,
3550.002|-15477.05,3550.482|-15477.53,
3550.002|-15477.05,3549.522|-15477.53,
3266.474|-15477.54,3549.522|-15477.53,
-3834.001|15477.06,-3834.478|15477.53,
-3834.001|15477.06,-3833.525|15477.54,
-3833.525|15477.54,-3550.47|15477.54,
3266.474|-15477.54,3266.002|-15477.07,
3266.002|-15477.07,3265.53|-15477.54,
3265.53|-15477.54,2982.466|-15477.55,
-3550.001|15477.07,-3550.47|15477.54,
-3550.001|15477.07,-3549.533|15477.54,
-3266.462|15477.55,-3549.533|15477.54,
2982.466|-15477.55,2982.002|-15477.08,
2981.538|-15477.55,2982.002|-15477.08,
2981.538|-15477.55,2698.459|-15477.55,
-3266.462|15477.55,-3266.001|15477.09,
-3266.001|15477.09,-3265.541|15477.55,
-3265.541|15477.55,-2982.454|15477.56,
2698.459|-15477.55,2698.002|-15477.1,
2697.545|-15477.56,2698.002|-15477.1,
2414.451|-15477.56,2697.545|-15477.56,
-14841.51|14437.88,-14910.46|14466.41,
-2982.454|15477.56,-2982.001|15477.11,
-2981.549|15477.56,-2982.001|15477.11,
-2981.549|15477.56,-2698.446|15477.57,
14841.5|-14437.9,14910.44|-14466.42,
2414.451|-15477.56,2414.002|-15477.11,
2413.553|-15477.56,2414.002|-15477.11,
2413.553|-15477.56,2130.444|-15477.57,
-14557.51|-14722.02,-14488.57|-14888.31,
14557.51|14722.02,14488.57|14888.31,
-2698.446|15477.57,-2698.001|15477.12,
-2697.557|15477.57,-2698.001|15477.12,
-2414.438|15477.58,-2697.557|15477.57,
2130.002|-15477.13,2130.444|-15477.57,
2130.002|-15477.13,2129.56|-15477.57,
2129.56|-15477.57,1846.436|-15477.58,
-2414.438|15477.58,-2414.001|15477.14,
-2413.565|15477.58,-2414.001|15477.14,
-2413.565|15477.58,-2130.43|15477.58,
1846.436|-15477.58,1846.002|-15477.14,
1845.568|-15477.58,1846.002|-15477.14,
1562.428|-15477.59,1845.568|-15477.58,
-2130.001|15477.15,-2130.43|15477.58,
-2130.001|15477.15,-2129.573|15477.58,
-2129.573|15477.58,-1846.422|15477.59,
1562.002|-15477.16,1562.428|-15477.59,
1561.576|-15477.59,1562.002|-15477.16,
1561.576|-15477.59,1278.421|-15477.59,
-1846.422|15477.59,-1846.001|15477.17,
-1845.581|15477.59,-1846.001|15477.17,
-1562.414|15477.6,-1845.581|15477.59,
1278.002|-15477.17,1278.421|-15477.59,
1278.002|-15477.17,1277.583|-15477.59,
994.4131|-15477.6,1277.583|-15477.59,
-1562.001|15477.19,-1562.414|15477.6,
-1561.589|15477.6,-1562.001|15477.19,
-1561.589|15477.6,-1278.406|15477.61,
994.002|-15477.19,994.4131|-15477.6,
993.5908|-15477.6,994.002|-15477.19,
710.4055|-15477.61,993.5908|-15477.6,
-1278.001|15477.2,-1278.406|15477.61,
-1278.001|15477.2,-1277.597|15477.61,
-994.3981|15477.62,-1277.597|15477.61,
710.002|-15477.21,710.4055|-15477.61,
710.002|-15477.21,709.5984|-15477.61,
709.5984|-15477.61,426.3979|-15477.62,
-994.0015|15477.22,-994.3981|15477.62,
-993.605|15477.62,-994.0015|15477.22,
-710.39|15477.62,-993.605|15477.62,
14841.5|-14437.9,14772.63|-14604.33,
14626.31|-14750.73,14772.63|-14604.33,
426.002|-15477.22,426.3979|-15477.62,
426.002|-15477.22,425.6061|-15477.62,
142.3903|-15477.62,425.6061|-15477.62,
-14841.51|14437.88,-14772.63|14604.33,
-14626.34|14750.71,-14772.63|14604.33,
-14626.4|-14750.58,-14557.51|-14722.02,
-14626.4|-14750.58,-14772.7|-14604.36,
14626.4|14750.58,14557.51|14722.02,
14626.4|14750.58,14772.7|14604.36,
-710.0015|15477.23,-710.39|15477.62,
-710.0015|15477.23,-709.613|15477.62,
-709.613|15477.62,-426.382|15477.63,
142.3903|-15477.62,142.002|-15477.24,
141.6137|-15477.62,142.002|-15477.24,
-141.6173|-15477.63,141.6137|-15477.62,
-426.0015|15477.25,-426.382|15477.63,
-426.0015|15477.25,-425.621|15477.63,
-142.374|15477.64,-425.621|15477.63,
-141.6173|-15477.63,-141.998|-15477.25,
-142.3787|-15477.63,-141.998|-15477.25,
-142.3787|-15477.63,-425.6249|-15477.64,
-425.998|-15477.27,-425.6249|-15477.64,
-425.998|-15477.27,-426.3711|-15477.64,
-709.6325|-15477.65,-426.3711|-15477.64,
-142.374|15477.64,-142.0015|15477.27,
-141.6291|15477.64,-142.0015|15477.27,
141.6341|15477.65,-141.6291|15477.64,
-709.998|-15477.28,-709.6325|-15477.65,
-709.998|-15477.28,-710.3635|-15477.65,
-710.3635|-15477.65,-993.6401|-15477.65,
141.6341|15477.65,141.9985|15477.28,
142.3629|15477.65,141.9985|15477.28,
142.3629|15477.65,425.6421|15477.66,
-993.6401|-15477.65,-993.998|-15477.3,
-993.998|-15477.3,-994.3559|-15477.65,
-994.3559|-15477.65,-1277.648|-15477.66,
425.9985|15477.3,425.6421|15477.66,
425.9985|15477.3,426.3549|15477.66,
709.6501|15477.66,426.3549|15477.66,
-1277.998|-15477.31,-1277.648|-15477.66,
-1277.998|-15477.31,-1278.348|-15477.66,
-1561.655|-15477.67,-1278.348|-15477.66,
709.9985|15477.31,709.6501|15477.66,
709.9985|15477.31,710.3469|15477.66,
710.3469|15477.66,993.6581|15477.67,
-1561.655|-15477.67,-1561.998|-15477.33,
-1561.998|-15477.33,-1562.341|-15477.67,
-1562.341|-15477.67,-1845.663|-15477.68,
993.6581|15477.67,993.9985|15477.33,
993.9985|15477.33,994.3389|15477.67,
994.3389|15477.67,1277.666|15477.68,
-1845.663|-15477.68,-1845.998|-15477.34,
-1846.333|-15477.68,-1845.998|-15477.34,
-2129.671|-15477.68,-1846.333|-15477.68,
1277.999|15477.35,1277.666|15477.68,
1277.999|15477.35,1278.331|15477.68,
1561.674|15477.69,1278.331|15477.68,
-14626.34|14750.71,-14557.51|14722.23,
-2129.998|-15477.36,-2129.671|-15477.68,
-2130.325|-15477.68,-2129.998|-15477.36,
-2413.678|-15477.69,-2130.325|-15477.68,
1561.674|15477.69,1561.999|15477.36,
1561.999|15477.36,1562.323|15477.69,
1562.323|15477.69,1845.682|15477.7,
14626.31|-14750.73,14557.5|-14722.25,
-14841.51|-14438.39,-14772.7|-14604.36,
14841.51|14438.39,14772.7|14604.36,
-2413.998|-15477.37,-2413.678|-15477.69,
-2414.318|-15477.69,-2413.998|-15477.37,
-2414.318|-15477.69,-2697.686|-15477.7,
1845.682|15477.7,1845.999|15477.38,
1846.315|15477.7,1845.999|15477.38,
2129.69|15477.7,1846.315|15477.7,
-2697.686|-15477.7,-2697.998|-15477.39,
-2698.31|-15477.7,-2697.998|-15477.39,
-2981.693|-15477.71,-2698.31|-15477.7,
2129.999|15477.4,2129.69|15477.7,
2130.307|15477.7,2129.999|15477.4,
2413.698|15477.71,2130.307|15477.7,
-2981.693|-15477.71,-2981.998|-15477.4,
-2982.302|-15477.71,-2981.998|-15477.4,
-3265.701|-15477.71,-2982.302|-15477.71,
2413.999|15477.41,2413.698|15477.71,
2414.299|15477.71,2413.999|15477.41,
2414.299|15477.71,2697.706|15477.72,
-3265.998|-15477.42,-3265.701|-15477.71,
-3266.295|-15477.71,-3265.998|-15477.42,
-3266.295|-15477.71,-3549.709|-15477.72,
2697.999|15477.43,2697.706|15477.72,
2698.291|15477.72,2697.999|15477.43,
2981.714|15477.73,2698.291|15477.72,
-3549.998|-15477.43,-3549.709|-15477.72,
-3549.998|-15477.43,-3550.287|-15477.72,
-3833.716|-15477.73,-3550.287|-15477.72,
2981.714|15477.73,2981.999|15477.44,
2982.283|15477.73,2981.999|15477.44,
3265.722|15477.74,2982.283|15477.73,
-3833.998|-15477.45,-3833.716|-15477.73,
-3833.998|-15477.45,-3834.28|-15477.73,
-4117.724|-15477.74,-3834.28|-15477.73,
3265.999|15477.46,3265.722|15477.74,
3266.275|15477.74,3265.999|15477.46,
3266.275|15477.74,3549.73|15477.74,
-4117.996|-15477.46,-4117.724|-15477.74,
-4118.269|-15477.74,-4117.996|-15477.46,
-4401.731|-15477.75,-4118.269|-15477.74,
-14557.51|14722.23,-14488.75|14888.38,
-14342.19|15035.03,-14488.75|14888.38,
14557.5|-14722.25,14488.75|-14888.38,
14342.19|-15035.03,14488.75|-14888.38,
3549.999|15477.48,3549.73|15477.74,
3549.999|15477.48,3550.267|15477.74,
3833.739|15477.75,3550.267|15477.74,
-4401.998|-15477.48,-4401.731|-15477.75,
-4402.264|-15477.75,-4401.998|-15477.48,
-4402.264|-15477.75,-4685.739|-15477.75,
3833.999|15477.49,3833.739|15477.75,
3833.999|15477.49,3834.259|15477.75,
4117.746|15477.76,3834.259|15477.75,
14841.51|14438.39,14910.26|14466.89,
15125.35|14251.93,14910.26|14466.89,
-14841.51|-14438.39,-14910.26|-14466.89,
-15056.81|-14320.43,-14910.26|-14466.89,
-4685.998|-15477.49,-4685.739|-15477.75,
-4686.257|-15477.75,-4685.998|-15477.49,
-4686.257|-15477.75,-4969.747|-15477.76,
4117.997|15477.51,4117.746|15477.76,
4118.248|15477.76,4117.997|15477.51,
4401.754|15477.77,4118.248|15477.76,
-4969.998|-15477.51,-4969.747|-15477.76,
-4970.249|-15477.76,-4969.998|-15477.51,
-5253.754|-15477.77,-4970.249|-15477.76,
4401.998|15477.52,4401.754|15477.77,
4402.242|15477.77,4401.998|15477.52,
4402.242|15477.77,4685.762|15477.78,
-5253.754|-15477.77,-5253.998|-15477.52,
-5254.242|-15477.77,-5253.998|-15477.52,
-5254.242|-15477.77,-5537.762|-15477.78,
4685.998|15477.54,4685.762|15477.78,
4686.234|15477.78,4685.998|15477.54,
4686.234|15477.78,4969.771|15477.78,
-5537.997|-15477.54,-5537.762|-15477.78,
-5538.233|-15477.78,-5537.997|-15477.54,
-5821.77|-15477.78,-5538.233|-15477.78,
-5821.997|-15477.56,-5821.77|-15477.78,
-5821.997|-15477.56,-5822.225|-15477.78,
-5822.225|-15477.78,-6105.777|-15477.79,
4969.998|15477.56,4969.771|15477.78,
4970.226|15477.78,4969.998|15477.56,
5253.778|15477.79,4970.226|15477.78,
-6105.997|-15477.57,-6105.777|-15477.79,
-6106.218|-15477.79,-6105.997|-15477.57,
-6389.785|-15477.8,-6106.218|-15477.79,
5253.778|15477.79,5253.998|15477.57,
5254.218|15477.79,5253.998|15477.57,
5254.218|15477.79,5537.787|15477.8,
-6389.998|-15477.59,-6389.785|-15477.8,
-6390.211|-15477.8,-6389.998|-15477.59,
-6390.211|-15477.8,-6673.792|-15477.81,
5537.998|15477.59,5537.787|15477.8,
5538.209|15477.8,5537.998|15477.59,
5821.794|15477.81,5538.209|15477.8,
-6673.998|-15477.6,-6673.792|-15477.81,
-6674.204|-15477.81,-6673.998|-15477.6,
-6674.204|-15477.81,-6957.8|-15477.81,
5821.998|15477.6,5821.794|15477.81,
5821.998|15477.6,5822.201|15477.81,
5822.201|15477.81,6105.802|15477.82,
-15056.81|-14320.43,-15125.51|-14154.73,
-14342.19|15035.03,-14273.5|15006.6,
-6957.998|-15477.62,-6957.8|-15477.81,
-6958.196|-15477.81,-6957.998|-15477.62,
-7241.808|-15477.82,-6958.196|-15477.81,
14342.19|-15035.03,14273.5|-15006.61,
6105.998|15477.62,6105.802|15477.82,
6106.193|15477.82,6105.998|15477.62,
6389.811|15477.82,6106.193|15477.82,
-7241.998|-15477.63,-7241.808|-15477.82,
-7242.188|-15477.82,-7241.998|-15477.63,
-7242.188|-15477.82,-7525.815|-15477.83,
6389.998|15477.64,6389.811|15477.82,
6390.186|15477.82,6389.998|15477.64,
6390.186|15477.82,6673.818|15477.83,
-7525.998|-15477.65,-7525.815|-15477.83,
-7526.181|-15477.83,-7525.998|-15477.65,
-7809.823|-15477.84,-7526.181|-15477.83,
6673.998|15477.65,6673.818|15477.83,
6673.998|15477.65,6674.178|15477.83,
6674.178|15477.83,6957.827|15477.84,
-7809.823|-15477.84,-7809.998|-15477.66,
-7809.998|-15477.66,-7810.173|-15477.84,
-7810.173|-15477.84,-8093.83|-15477.84,
6957.827|15477.84,6957.998|15477.67,
6958.17|15477.84,6957.998|15477.67,
7241.834|15477.85,6958.17|15477.84,
-8093.83|-15477.84,-8093.998|-15477.68,
-8094.166|-15477.84,-8093.998|-15477.68,
-8377.838|-15477.85,-8094.166|-15477.84,
15159.66|14168.89,15125.35|14251.93,
7241.998|15477.68,7241.834|15477.85,
7241.998|15477.68,7242.162|15477.85,
7242.162|15477.85,7525.843|15477.86,
-8377.838|-15477.85,-8377.998|-15477.69,
-8378.158|-15477.85,-8377.998|-15477.69,
-8378.158|-15477.85,-8661.846|-15477.86,
7525.843|15477.86,7525.998|15477.7,
7526.154|15477.86,7525.998|15477.7,
7809.851|15477.86,7526.154|15477.86,
-8661.998|-15477.71,-8661.846|-15477.86,
-8661.998|-15477.71,-8662.15|-15477.86,
-8662.15|-15477.86,-8945.854|-15477.87,
7809.851|15477.86,7809.998|15477.72,
7809.998|15477.72,7810.146|15477.86,
7810.146|15477.86,8093.859|15477.87,
-14273.5|15006.6,-14204.88|15172.44,
-14204.88|15172.44,-14058.09|15319.31,
-8945.998|-15477.72,-8945.854|-15477.87,
-8946.143|-15477.87,-8945.998|-15477.72,
-8946.143|-15477.87,-9229.861|-15477.88,
14273.5|-15006.61,14204.88|-15172.44,
14204.88|-15172.44,14058.06|-15319.33,
8093.859|15477.87,8093.998|15477.73,
8094.138|15477.87,8093.998|15477.73,
8377.867|15477.88,8094.138|15477.87,
-15194.15|-14183.19,-15125.51|-14154.73,
-15340.95|-14036.48,-15194.15|-14183.19,
15194.15|14183.19,15159.66|14168.89,
15340.95|14036.48,15194.15|14183.19,
-9229.998|-15477.74,-9229.861|-15477.88,
-9230.135|-15477.88,-9229.998|-15477.74,
-9230.135|-15477.88,-9513.869|-15477.88,
8377.867|15477.88,8377.998|15477.75,
8378.13|15477.88,8377.998|15477.75,
8378.13|15477.88,8661.875|15477.89,
-9513.869|-15477.88,-9513.998|-15477.75,
-9514.127|-15477.88,-9513.998|-15477.75,
-9514.127|-15477.88,-9797.876|-15477.89,
8661.998|15477.76,8661.875|15477.89,
8661.998|15477.76,8662.122|15477.89,
8662.122|15477.89,8945.883|15477.9,
-9797.998|-15477.77,-9797.876|-15477.89,
-9797.998|-15477.77,-9798.12|-15477.89,
-9798.12|-15477.89,-10081.89|-15477.9,
8945.998|15477.78,8945.883|15477.9,
8946.114|15477.9,8945.998|15477.78,
8946.114|15477.9,9229.892|15477.9,
-10082|-15477.79,-10081.89|-15477.9,
-10082.11|-15477.9,-10082|-15477.79,
-10365.9|-15477.91,-10082.11|-15477.9,
9229.998|15477.8,9229.892|15477.9,
9230.105|15477.9,9229.998|15477.8,
9230.105|15477.9,9513.899|15477.91,
-10366|-15477.8,-10365.9|-15477.91,
-10366.1|-15477.91,-10366|-15477.8,
-10366.1|-15477.91,-10649.9|-15477.91,
9513.899|15477.91,9513.998|15477.81,
9514.098|15477.91,9513.998|15477.81,
9514.098|15477.91,9797.907|15477.92,
-10649.9|-15477.91,-10650|-15477.82,
-10650.1|-15477.91,-10650|-15477.82,
-10650.1|-15477.91,-10933.91|-15477.92,
9797.998|15477.83,9797.907|15477.92,
9797.998|15477.83,9798.09|15477.92,
9798.09|15477.92,10081.92|15477.93,
-10934|-15477.83,-10933.91|-15477.92,
-10934|-15477.83,-10934.09|-15477.92,
-11217.92|-15477.93,-10934.09|-15477.92,
10082|15477.85,10081.92|15477.93,
10082.08|15477.93,10082|15477.85,
10365.93|15477.94,10082.08|15477.93,
-11218|-15477.85,-11217.92|-15477.93,
-11218.08|-15477.93,-11218|-15477.85,
-11218.08|-15477.93,-11501.93|-15477.94,
-14058.09|15319.31,-14006.15|15297.82,
-11502|-15477.86,-11501.93|-15477.94,
-11502.07|-15477.94,-11502|-15477.86,
-11502.07|-15477.94,-11785.93|-15477.94,
10366|15477.86,10365.93|15477.94,
10366.07|15477.94,10366|15477.86,
10366.07|15477.94,10649.93|15477.94,
-15340.95|-14036.48,-15408.76|-13872.91,
15340.95|14036.48,15408.76|13872.91,
14058.06|-15319.33,14006.15|-15297.85,
-11785.93|-15477.94,-11786|-15477.88,
-11786.07|-15477.94,-11786|-15477.88,
-11786.07|-15477.94,-12069.94|-15477.95,
10649.93|15477.94,10650|15477.88,
10650.07|15477.94,10650|15477.88,
10650.07|15477.94,10933.94|15477.95,
-12069.94|-15477.95,-12070|-15477.89,
-12070.06|-15477.95,-12070|-15477.89,
-12353.95|-15477.96,-12070.06|-15477.95,
10933.94|15477.95,10934|15477.89,
10934.06|15477.95,10934|15477.89,
11217.95|15477.96,10934.06|15477.95,
-12353.95|-15477.96,-12354|-15477.91,
-12354.05|-15477.96,-12354|-15477.91,
-12354.05|-15477.96,-12637.96|-15477.97,
11217.95|15477.96,11218|15477.91,
11218.05|15477.96,11218|15477.91,
11218.05|15477.96,11501.96|15477.97,
-12637.96|-15477.97,-12638|-15477.92,
-12638.04|-15477.97,-12638|-15477.92,
-12638.04|-15477.97,-12921.96|-15477.97,
11501.96|15477.97,11502|15477.93,
11502.04|15477.97,11502|15477.93,
11502.04|15477.97,11785.97|15477.98,
-12921.96|-15477.97,-12922|-15477.94,
-12922.04|-15477.97,-12922|-15477.94,
-12922.04|-15477.97,-13205.97|-15477.98,
11785.97|15477.98,11786|15477.94,
11786.03|15477.98,11786|15477.94,
11786.03|15477.98,12069.97|15477.98,
-13205.97|-15477.98,-13206|-15477.95,
-13206.03|-15477.98,-13206|-15477.95,
-13206.03|-15477.98,-13489.98|-15477.99,
12069.97|15477.98,12070|15477.96,
12070.03|15477.98,12070|15477.96,
12353.98|15477.99,12070.03|15477.98,
-13489.98|-15477.99,-13490|-15477.97,
-13490.02|-15477.99,-13490|-15477.97,
-13490.02|-15477.99,-13773.99|-15478,
12353.98|15477.99,12354|15477.97,
12354.02|15477.99,12354|15477.97,
12354.02|15477.99,12637.99|15478,
-13774|-15477.99,-13773.99|-15478,
13206.01|15478,13206|15477.99,
13206.01|15478,13489.99|15478,
13490.01|15478,13773.99|15478,
13774|15478,13773.99|15478,
13489.99|15478,13490|15477.99,
12922.01|15478,13205.99|15478,
13205.99|15478,13206|15477.99,
12922.01|15478,12922|15478,
13490.01|15478,13490|15477.99,
12638|15478,12637.99|15478,
13774|-15476.51,13774|15478,
-13774|15476.5,-13774|-15477.99,
12638|-15476.57,12638|15478,
12922|-15476.55,12922|15478,
-10934|15476.66,-10934|-15477.83,
11218|-15476.64,11218|15477.91,
-11218|15476.64,-11218|-15477.85,
11502|-15476.63,11502|15477.93,
-11502|15476.63,-11502|-15477.86,
11786|-15476.61,11786|15477.94,
-11786|15476.61,-11786|-15477.88,
-12070|15476.59,-12070|-15477.89,
-13206|15476.53,-13206|-15477.95,
-12638|15476.56,-12638|-15477.92,
12354|-15476.58,12354|15477.97,
-12354|15476.58,-12354|-15477.91,
10934|-15476.66,10934|15477.89,
10650|-15476.67,10650|15477.88,
13490|-15476.52,13490|15477.99,
10366|-15476.69,10366|15477.86,
-13490|15476.51,-13490|-15477.97,
10082|-15476.71,10082|15477.85,
-10650|15476.67,-10650|-15477.82,
-10366|15476.69,-10366|-15477.8,
13206|-15476.54,13206|15477.99,
-12922|15476.55,-12922|-15477.94,
12070|-15476.6,12070|15477.96,
-10082|15476.71,-10082|-15477.79,
4117.997|15477.51,4118.002|-15477.02,
-4117.996|-15477.46,-4118.002|15477.04,
6105.998|15477.62,6106.002|-15476.92,
5821.998|15477.6,5822.002|-15476.93,
5537.998|15477.59,5538.002|-15476.95,
-5537.997|-15477.54,-5538.001|15476.96,
-5821.997|-15477.56,-5822.001|15476.95,
-6105.997|-15477.57,-6106.001|15476.93,
9798.002|-15476.72,9797.998|15477.83,
9514.002|-15476.73,9513.998|15477.81,
9230.002|-15476.75,9229.998|15477.8,
8946.002|-15476.76,8945.998|15477.78,
8662.002|-15476.78,8661.998|15477.76,
8378.002|-15476.79,8377.998|15477.75,
-8378.002|15476.8,-8377.998|-15477.69,
-8662.002|15476.79,-8661.998|-15477.71,
-8946.002|15476.77,-8945.998|-15477.72,
-9230.002|15476.75,-9229.998|-15477.74,
-9514.002|15476.74,-9513.998|-15477.75,
-9798.002|15476.72,-9797.998|-15477.77,
1845.999|15477.38,1846.002|-15477.14,
1561.999|15477.36,1562.002|-15477.16,
1277.999|15477.35,1278.002|-15477.17,
8094.002|-15476.81,8093.998|15477.73,
-1277.998|-15477.31,-1278.001|15477.2,
7810.002|-15476.82,7809.998|15477.72,
-1561.998|-15477.33,-1562.001|15477.19,
7526.002|-15476.84,7525.998|15477.7,
-1845.998|-15477.34,-1846.001|15477.17,
7242.002|-15476.85,7241.998|15477.68,
6958.002|-15476.87,6957.998|15477.67,
6673.998|15477.65,6674.002|-15476.89,
6389.998|15477.64,6390.002|-15476.9,
5253.998|15477.57,5254.002|-15476.96,
4969.998|15477.56,4970.002|-15476.98,
4685.998|15477.54,4686.002|-15476.99,
4401.998|15477.52,4402.002|-15477.01,
3833.999|15477.49,3834.002|-15477.04,
3549.999|15477.48,3550.002|-15477.05,
3265.999|15477.46,3266.002|-15477.07,
2981.999|15477.44,2982.002|-15477.08,
2697.999|15477.43,2698.002|-15477.1,
2413.999|15477.41,2414.002|-15477.11,
2129.999|15477.4,2130.002|-15477.13,
-2129.998|-15477.36,-2130.001|15477.15,
-2413.998|-15477.37,-2414.001|15477.14,
-2697.998|-15477.39,-2698.001|15477.12,
-2981.998|-15477.4,-2982.001|15477.11,
-3265.998|-15477.42,-3266.001|15477.09,
-3549.998|-15477.43,-3550.001|15477.07,
-3833.998|-15477.45,-3834.001|15477.06,
-4401.998|-15477.48,-4402.002|15477.03,
-4685.998|-15477.49,-4686.002|15477.01,
-4969.998|-15477.51,-4970.002|15476.99,
-5253.998|-15477.52,-5254.002|15476.98,
-6389.998|-15477.59,-6390.002|15476.91,
-6673.998|-15477.6,-6674.002|15476.9,
-6958.002|15476.88,-6957.998|-15477.62,
-7242.002|15476.87,-7241.998|-15477.63,
-7526.002|15476.85,-7525.998|-15477.65,
-7810.002|15476.83,-7809.998|-15477.66,
-8094.002|15476.82,-8093.998|-15477.68,
141.9985|15477.28,142.002|-15477.24,
-141.998|-15477.25,-142.0015|15477.27,
425.9985|15477.3,426.002|-15477.22,
-425.998|-15477.27,-426.0015|15477.25,
993.9985|15477.33,994.002|-15477.19,
709.9985|15477.31,710.002|-15477.21,
-709.998|-15477.28,-710.0015|15477.23,
-993.998|-15477.3,-994.0015|15477.22,
15125.7|-14153.62,15159.66|14168.89,
14006.15|-15297.85,14006.15|15296.21,
-14006.15|15297.82,-14006.15|-15296.21,
-15409.5|13869.2,-15408.76|-13872.91,
15409.5|-13869.19,15408.76|13872.91,
14841.5|-14437.9,14841.51|14438.39,
14273.5|-15006.61,14273.51|15005.67,
-14273.5|15006.6,-14273.51|-15005.67,
14557.5|-14722.25,14557.51|14722.02,
-14841.51|14437.88,-14841.51|-14438.39,
-14557.51|14722.23,-14557.51|-14722.02,
-15125.51|14153.52,-15125.51|-14154.73,
